319
239
16
319
239
16
319
239
16
319
239
14
319
239
13
319
239
12
319
239
12
319
234
12
319
234
12
319
229
12
319
229
12
319
224
12
319
224
12
319
219
12
319
219
12
319
214
12
319
214
12
319
209
12
319
209
12
319
204
12
319
204
12
319
199
12
319
199
12
319
194
12
319
194
12
319
189
12
319
189
12
319
184
12
319
184
12
319
179
12
319
179
12
319
174
12
319
174
12
319
169
12
319
169
12
319
164
12
319
164
12
319
159
12
319
159
12
319
154
12
319
154
12
319
149
12
319
149
12
319
144
12
319
144
12
319
139
12
319
139
12
319
134
12
319
134
12
319
129
12
319
129
12
319
124
12
319
124
12
319
119
12
319
119
12
319
114
12
319
114
12
319
109
12
319
109
12
319
104
12
319
104
12
319
99
12
319
99
12
319
94
12
319
94
12
314
94
12
314
94
12
309
94
12
309
94
12
304
94
12
304
94
12
299
94
12
299
94
12
294
94
12
294
94
12
289
94
12
289
94
12
284
94
12
284
94
12
279
94
12
279
94
12
274
94
12
274
94
12
269
94
12
269
94
12
264
94
12
264
94
12
259
94
12
259
94
12
254
94
12
254
94
12
249
94
12
249
94
12
244
94
12
244
94
12
239
94
12
239
94
12
234
94
12
234
94
12
229
94
12
229
94
12
224
94
12
224
94
12
219
94
12
219
94
12
214
94
12
214
94
12
209
94
12
209
94
12
204
94
12
204
94
12
199
94
12
199
94
12
194
94
12
194
94
12
189
94
12
189
94
12
184
94
12
184
94
12
179
94
12
179
94
12
174
94
12
174
94
12
169
94
12
169
94
12
164
94
12
164
94
12
159
94
12
159
94
12
154
94
12
154
94
12
149
94
12
149
94
12
144
94
12
144
94
12
139
94
12
139
94
12
134
94
12
134
94
12
129
94
12
129
94
12
129
99
12
129
99
12
129
104
12
129
104
12
129
109
12
129
109
12
129
114
12
129
114
12
129
119
12
129
119
12
129
124
12
129
124
12
129
129
12
129
129
12
129
134
12
129
134
12
129
139
12
129
139
12
129
144
12
129
144
12
129
149
12
129
149
12
129
154
12
129
154
12
129
159
12
129
159
12
129
164
12
129
164
12
129
169
12
129
169
12
129
174
12
129
174
12
129
179
12
129
179
12
129
184
12
129
184
12
129
189
12
129
189
12
129
194
12
129
194
12
129
199
12
129
199
12
129
204
12
129
204
12
129
209
12
129
209
12
129
214
12
129
214
12
129
219
12
129
219
12
129
224
12
129
224
12
129
229
12
129
229
12
129
234
12
129
234
12
129
239
12
129
239
12
129
244
12
129
244
12
129
249
12
129
249
12
129
254
12
129
254
12
129
259
12
129
259
12
129
264
12
129
264
12
129
269
12
129
269
12
129
274
12
129
274
12
129
279
12
129
279
12
129
284
12
129
284
12
129
289
12
129
289
12
129
294
12
129
294
12
129
299
12
129
299
12
129
304
12
129
304
12
129
309
12
129
309
12
129
314
12
129
314
12
129
319
12
129
319
12
129
324
12
129
324
12
129
329
12
129
329
12
134
329
12
134
329
12
139
329
12
139
329
12
144
329
12
144
329
12
149
329
12
149
329
12
154
329
12
154
329
12
159
329
12
159
329
12
164
329
12
164
329
12
169
329
12
169
329
12
174
329
12
174
329
12
179
329
12
179
329
12
184
329
12
184
329
12
189
329
12
189
329
12
194
329
12
194
329
12
199
329
12
199
329
12
204
329
12
204
329
12
209
329
12
209
329
12
214
329
12
214
329
12
219
329
12
219
329
12
224
329
12
224
329
12
229
329
12
229
329
12
234
329
12
234
329
12
239
329
12
239
329
12
244
329
12
244
329
12
249
329
12
249
329
12
254
329
12
254
329
12
259
329
12
259
329
12
264
329
12
264
329
12
269
329
12
269
329
12
274
329
12
274
329
12
279
329
12
279
329
12
284
329
12
284
329
12
289
329
12
289
329
12
294
329
12
294
329
12
299
329
12
299
329
12
304
329
12
304
329
12
309
329
12
309
329
12
314
329
12
314
329
12
319
329
12
319
329
12
324
329
12
324
329
12
329
329
12
329
329
12
334
329
12
334
329
12
339
329
12
339
329
12
344
329
12
344
329
12
349
329
12
349
329
12
354
329
12
354
329
12
359
329
12
359
329
12
364
329
12
364
329
12
369
329
12
369
329
12
374
329
12
374
329
12
379
329
12
379
329
12
384
329
12
384
329
12
389
329
12
389
329
12
394
329
12
394
329
12
399
329
12
399
329
12
404
329
12
404
329
12
409
329
12
409
329
12
414
329
12
414
329
12
419
329
12
419
329
12
424
329
12
424
329
12
429
329
12
429
329
12
434
329
12
434
329
12
439
329
12
439
329
12
444
329
12
444
329
12
449
329
12
449
329
12
454
329
12
454
329
12
459
329
12
459
329
12
464
329
12
464
329
12
469
329
12
469
329
12
474
329
12
474
329
12
479
329
12
479
329
12
484
329
12
484
329
12
489
329
12
489
329
12
494
329
12
494
329
12
499
329
12
499
329
12
504
329
12
504
329
12
509
329
12
509
329
12
514
329
12
514
329
12
519
329
12
519
329
12
524
329
12
524
329
12
524
324
12
524
324
12
524
319
12
524
319
12
524
314
12
524
314
12
524
309
12
524
309
12
524
304
12
524
304
12
524
299
12
524
299
12
524
294
12
524
294
12
524
289
12
524
289
12
524
284
12
524
284
12
524
279
12
524
279
12
524
274
12
524
274
12
524
269
12
524
269
12
524
264
12
524
264
12
524
259
12
524
259
12
524
254
12
524
254
12
524
249
12
524
249
12
524
244
12
524
244
12
524
239
12
524
239
12
524
234
12
524
234
12
524
229
12
524
229
12
524
224
12
524
224
12
524
219
12
524
219
12
524
214
12
524
214
12
524
209
12
524
209
12
524
204
12
524
204
12
524
199
12
524
199
12
524
194
12
524
194
12
524
189
12
524
189
12
524
184
12
524
184
12
519
184
12
519
184
12
514
184
12
514
184
12
509
184
12
509
184
12
504
184
12
504
184
12
499
184
12
499
184
12
494
184
12
494
184
12
489
184
12
489
184
12
484
184
12
484
184
12
479
184
12
479
184
12
474
184
12
474
184
12
469
184
12
469
184
12
464
184
12
464
184
12
459
184
12
459
184
12
454
184
12
454
184
12
449
184
12
449
184
12
444
184
12
444
184
12
439
184
12
439
184
12
434
184
12
434
184
12
429
184
12
429
184
12
424
184
12
424
184
12
419
184
12
419
184
12
414
184
12
414
184
12
409
184
12
409
184
12
404
184
12
404
184
12
399
184
12
399
184
12
394
184
12
394
184
12
389
184
12
389
184
12
384
184
12
384
184
12
379
184
12
379
184
12
374
184
12
374
184
12
369
184
12
369
184
12
364
184
12
364
184
12
359
184
12
359
184
12
354
184
12
354
184
12
349
184
12
349
184
12
344
184
12
344
184
12
339
184
12
339
184
12
334
184
12
334
184
12
329
184
12
329
184
12
324
184
12
324
184
12
319
184
12
319
184
12
314
184
12
314
184
12
309
184
12
309
184
12
304
184
12
304
184
12
299
184
12
299
184
12
294
184
12
294
184
12
289
184
12
289
184
12
284
184
12
284
184
12
279
184
12
279
184
12
274
184
12
274
184
12
269
184
12
269
184
12
264
184
12
264
184
12
259
184
12
259
184
12
254
184
12
254
184
12
249
184
12
249
184
12
244
184
12
244
184
12
239
184
12
239
184
12
239
189
12
239
189
12
239
194
12
239
194
12
239
199
12
239
199
12
239
204
12
239
204
12
239
209
12
239
209
12
239
214
12
239
214
12
239
219
12
239
219
12
239
224
12
239
224
12
239
229
12
239
229
12
239
234
12
239
234
12
239
239
12
239
239
12
239
244
12
239
244
12
239
249
12
239
249
12
239
254
12
239
254
12
239
259
12
239
259
12
239
264
12
239
264
12
239
269
12
239
269
12
239
274
12
239
274
12
239
279
12
239
279
12
239
284
12
239
284
12
239
289
12
239
289
12
239
294
12
239
294
12
239
299
12
239
299
12
239
304
12
239
304
12
239
309
12
239
309
12
239
314
12
239
314
12
239
319
12
239
319
12
239
324
12
239
324
12
239
329
12
239
329
12
239
334
12
239
334
12
239
339
12
239
339
12
239
344
12
239
344
12
239
349
12
239
349
12
239
354
12
239
354
12
239
359
12
239
359
12
239
364
12
239
364
12
239
369
12
239
369
12
239
374
12
239
374
12
244
374
12
244
374
12
249
374
12
249
374
12
254
374
12
254
374
12
259
374
12
259
374
12
264
374
12
264
374
12
269
374
12
269
374
12
274
374
12
274
374
12
279
374
12
279
374
12
284
374
12
284
374
12
289
374
12
289
374
12
294
374
12
294
374
12
299
374
12
299
374
12
304
374
12
304
374
12
309
374
12
309
374
12
314
374
12
314
374
12
319
374
12
319
374
12
324
374
12
324
374
12
329
374
12
329
374
12
334
374
12
334
374
12
339
374
12
339
374
12
344
374
12
344
374
12
349
374
12
349
374
12
354
374
12
354
374
12
359
374
12
359
374
12
364
374
12
364
374
12
369
374
12
369
374
12
374
374
12
374
374
12
379
374
12
379
374
12
384
374
12
384
374
12
384
369
12
384
369
12
384
364
12
384
364
12
384
359
12
384
359
12
384
354
12
384
354
12
384
349
12
384
349
12
384
344
12
384
344
12
384
339
12
384
339
12
384
334
12
384
334
12
384
329
12
384
329
12
384
324
12
384
324
12
384
319
12
384
319
12
384
314
12
384
314
12
384
309
12
384
309
12
384
304
12
384
304
12
384
299
12
384
299
12
384
294
12
384
294
12
384
289
12
384
289
12
384
284
12
384
284
12
379
284
12
379
284
12
374
284
12
374
284
12
369
284
12
369
284
12
364
284
12
364
284
12
359
284
12
359
284
12
354
284
12
354
284
12
349
284
12
349
284
12
344
284
12
344
284
12
339
284
12
339
284
12
334
284
12
334
284
12
329
284
12
329
284
12
324
284
12
324
284
12
319
284
12
319
284
12
314
284
12
314
284
12
309
284
12
309
284
12
304
284
12
304
284
12
299
284
12
299
284
12
294
284
12
294
284
12
289
284
12
289
284
12
284
284
12
284
284
12
279
284
12
279
284
12
274
284
12
274
284
12
269
284
12
269
284
12
264
284
12
264
284
12
259
284
12
259
284
12
254
284
12
254
284
12
249
284
12
249
284
12
244
284
12
244
284
12
239
284
12
239
284
12
234
284
12
234
284
12
229
284
12
229
284
12
224
284
12
224
284
12
219
284
12
219
284
12
214
284
12
214
284
12
209
284
12
209
284
12
204
284
12
204
284
12
199
284
12
199
284
12
194
284
12
194
284
12
189
284
12
189
284
12
184
284
12
184
284
12
179
284
12
179
284
12
179
279
12
179
279
12
179
274
12
179
274
12
179
269
12
179
269
12
179
264
12
179
264
12
179
259
12
179
259
12
179
254
12
179
254
12
179
249
12
179
249
12
179
244
12
179
244
12
179
239
12
179
239
12
179
234
12
179
234
12
179
229
12
179
229
12
179
224
12
179
224
12
179
219
12
179
219
12
179
214
12
179
214
12
179
209
12
179
209
12
179
204
12
179
204
12
179
199
12
179
199
12
179
194
12
179
194
12
179
189
12
179
189
12
179
184
12
179
184
12
179
179
12
179
179
12
179
174
12
179
174
12
179
169
12
179
169
12
179
164
12
179
164
12
179
159
12
179
159
12
179
154
12
179
154
12
184
154
12
184
154
12
189
154
12
189
154
12
194
154
12
194
154
12
199
154
12
199
154
12
204
154
12
204
154
12
209
154
12
209
154
12
214
154
12
214
154
12
219
154
12
219
154
12
224
154
12
224
154
12
229
154
12
229
154
12
234
154
12
234
154
12
239
154
12
239
154
12
244
154
12
244
154
12
249
154
12
249
154
12
254
154
12
254
154
12
259
154
12
259
154
12
264
154
12
264
154
12
269
154
12
269
154
12
274
154
12
274
154
12
279
154
12
279
154
12
284
154
12
284
154
12
289
154
12
289
154
12
294
154
12
294
154
12
299
154
12
299
154
12
304
154
12
304
154
12
309
154
12
309
154
12
314
154
12
314
154
12
319
154
12
319
154
12
324
154
12
324
154
12
329
154
12
329
154
12
334
154
12
334
154
12
339
154
12
339
154
12
344
154
12
344
154
12
349
154
12
349
154
12
354
154
12
354
154
12
359
154
12
359
154
12
364
154
12
364
154
12
369
154
12
369
154
12
374
154
12
374
154
12
379
154
12
379
154
12
384
154
12
384
154
12
389
154
12
389
154
12
389
159
12
389
159
12
389
164
12
389
164
12
389
169
12
389
169
12
389
174
12
389
174
12
389
179
12
389
179
12
389
184
12
389
184
12
389
189
12
389
189
12
389
194
12
389
194
12
389
199
12
389
199
12
389
204
12
389
204
12
389
209
12
389
209
12
389
214
12
389
214
12
389
219
12
389
219
12
389
224
12
389
224
12
389
229
12
389
229
12
389
234
12
389
234
12
394
234
12
394
234
12
399
234
12
399
234
12
404
234
12
404
234
12
409
234
12
409
234
12
414
234
12
414
234
12
419
234
12
419
234
12
424
234
12
424
234
12
429
234
12
429
234
12
434
234
12
434
234
12
439
234
12
439
234
12
444
234
12
444
234
12
449
234
12
449
234
12
454
234
12
454
234
12
459
234
12
459
234
12
464
234
12
464
234
12
469
234
12
469
234
12
474
234
12
474
234
12
479
234
12
479
234
12
484
234
12
484
234
12
489
234
12
489
234
12
494
234
12
494
234
12
499
234
12
499
234
12
504
234
12
504
234
12
509
234
12
509
234
12
514
234
12
514
234
12
519
234
12
519
234
12
524
234
12
524
234
12
529
234
12
529
234
12
534
234
12
534
234
12
539
234
12
539
234
12
544
234
12
544
234
12
549
234
12
549
234
12
554
234
12
554
234
12
559
234
12
559
234
12
564
234
12
564
234
12
564
239
12
564
239
12
564
244
12
564
244
12
564
249
12
564
249
12
564
254
12
564
254
12
564
259
12
564
259
12
564
264
12
564
264
12
564
269
12
564
269
12
564
274
12
564
274
12
564
279
12
564
279
12
564
284
12
564
284
12
564
289
12
564
289
12
564
294
12
564
294
12
564
299
12
564
299
12
564
304
12
564
304
12
564
309
12
564
309
12
564
314
12
564
314
12
564
319
12
564
319
12
564
324
12
564
324
12
564
329
12
564
329
12
564
334
12
564
334
12
564
339
12
564
339
12
564
344
12
564
344
12
564
349
12
564
349
12
564
354
12
564
354
12
564
359
12
564
359
12
564
364
12
564
364
12
564
369
12
564
369
12
564
374
12
564
374
12
559
374
12
559
374
12
554
374
12
554
374
12
549
374
12
549
374
12
544
374
12
544
374
12
539
374
12
539
374
12
534
374
12
534
374
12
529
374
12
529
374
12
524
374
12
524
374
12
519
374
12
519
374
12
514
374
12
514
374
12
509
374
12
509
374
12
504
374
12
504
374
12
499
374
12
499
374
12
494
374
12
494
374
12
489
374
12
489
374
12
484
374
12
484
374
12
479
374
12
479
374
12
474
374
12
474
374
12
469
374
12
469
374
12
464
374
12
464
374
12
459
374
12
459
374
12
459
369
12
459
369
12
459
364
12
459
364
12
459
359
12
459
359
12
459
354
12
459
354
12
459
349
12
459
349
12
459
344
12
459
344
12
459
339
12
459
339
12
459
334
12
459
334
12
459
329
12
459
329
12
459
324
12
459
324
12
459
319
12
459
319
12
459
314
12
459
314
12
459
309
12
459
309
12
459
304
12
459
304
12
459
299
12
459
299
12
459
294
12
459
294
12
459
289
12
459
289
12
459
284
12
459
284
12
459
279
12
459
279
12
459
274
12
459
274
12
459
269
12
459
269
12
459
264
12
459
264
12
459
259
12
459
259
12
459
254
12
459
254
12
459
249
12
459
249
12
459
244
12
459
244
12
459
239
12
459
239
12
459
234
12
459
234
12
459
229
12
459
229
12
459
224
12
459
224
12
459
219
12
459
219
12
459
214
12
459
214
12
459
209
12
459
209
12
459
204
12
459
204
12
459
199
12
459
199
12
459
194
12
459
194
12
459
189
12
459
189
12
459
184
12
459
184
12
459
179
12
459
179
12
459
174
12
459
174
12
459
169
12
459
169
12
459
164
12
459
164
12
459
159
12
459
159
12
459
154
12
459
154
12
459
149
12
459
149
12
459
144
12
459
144
12
459
139
12
459
139
12
459
134
12
459
134
12
459
129
12
459
129
12
459
124
12
459
124
12
459
119
12
459
119
12
459
114
12
459
114
12
459
109
12
459
109
12
454
109
12
454
109
12
449
109
12
449
109
12
444
109
12
444
109
12
439
109
12
439
109
12
434
109
12
434
109
12
429
109
12
429
109
12
424
109
12
424
109
12
419
109
12
419
109
12
414
109
12
414
109
12
409
109
12
409
109
12
404
109
12
404
109
12
399
109
12
399
109
12
394
109
12
394
109
12
389
109
12
389
109
12
384
109
12
384
109
12
379
109
12
379
109
12
-1
9999
9999
