5.66667,1.69231,0.153846
1.5,7.33333,4
1.5,0.875,4
0.538462,2.75,1.30769
0.153846,0.875,0.153846
0.923077,0.875,0.666667
0.923077,0.25,2.75
7.33333,4,7.33333
7.33333,0.25,5.66667
5.66667,1.30769,2.75
0.153846,2.125,1.5
1.69231,0.25,2.75
0.538462,4,1.5
0.538462,0.875,0.153846
2.75,7.33333,4
0.538462,2.75,1.5
5.66667,0.25,1.30769
5.66667,0.923077,1.30769
2.125,0.25,7.33333
2.125,2.33333,0.538462
1.30769,2.125,0.25
2.75,2.75,0.923077
0.538462,0.666667,0.875
1.5,0.153846,2.75
0.153846,4,1.30769
5.66667,5.66667,0.875
1.30769,1.30769,0.25
5.66667,7.33333,4
5.66667,1.30769,2.75
7.33333,0.153846,2.75
4,2.75,4
1.30769,4,7.33333
2.125,0.923077,0.666667
2.33333,1.30769,0.153846
2.33333,0.153846,2.33333
7.33333,0.923077,0.666667
7.33333,0.153846,2.33333
0.875,1.30769,0.666667
0.538462,2.33333,2.125
0.25,0.538462,7.33333
