10
10
910.0241
10.0179
910.0723
10.0536
910.1446
10.1072
910.241
10.1786
910.3615
10.2679
910.5062
10.3751
910.6749
10.5001
910.8679
10.6428
911.0852
10.803
911.327
10.9806
911.5932
11.1756
911.8841
11.3876
912.1997
11.6167
912.5402
11.8626
912.9054
12.1253
913.2958
12.4045
913.7031
12.6945
914.1112
12.9833
914.52
13.2712
914.9297
13.5578
915.3403
13.8432
915.7518
14.1273
916.1642
14.41
916.5776
14.6911
916.9921
14.9708
917.4076
15.2489
917.8242
15.5254
918.242
15.8
918.6609
16.073
919.0811
16.3441
919.5024
16.6133
919.925
16.8806
920.3488
17.1459
920.7739
17.409
921.2003
17.6702
921.6281
17.9291
922.0571
18.1858
922.4875
18.4403
922.9193
18.6925
923.3524
18.9422
923.7869
19.1896
924.2228
19.4345
924.6601
19.677
925.0989
19.9168
925.5389
20.1541
925.9805
20.3887
926.4234
20.6207
926.8678
20.8498
927.3136
21.0763
927.7609
21.2998
928.2095
21.5206
928.6596
21.7384
929.111
21.9533
929.564
22.1651
930.0182
22.3739
930.474
22.5796
930.9311
22.7822
931.3896
22.9816
931.8495
23.1779
932.3108
23.3708
932.7734
23.5605
933.2374
23.7468
933.7027
23.9298
934.1694
24.1092
934.6373
24.2854
935.1064
24.4584
935.5766
24.6286
936.0477
24.7961
936.5196
24.9612
936.9924
25.124
937.4659
25.2847
937.94
25.4435
938.4147
25.6005
938.8899
25.7559
939.3656
25.9099
939.8417
26.0626
940.3182
26.2141
940.795
26.3646
941.2721
26.5142
941.7494
26.6631
942.227
26.8113
942.7047
26.9589
943.1825
27.1061
943.6605
27.253
944.1385
27.3996
944.6165
27.5461
945.0946
27.6925
945.5727
27.839
946.0507
27.9856
946.5286
28.1325
947.0065
28.2796
947.4842
28.4272
947.9619
28.5751
948.4393
28.7237
948.9165
28.8728
949.3935
29.0226
949.8703
29.1732
950.3469
29.3246
950.8231
29.4769
951.299
29.6301
951.7747
29.7844
952.2499
29.9398
952.7248
30.0963
953.1992
30.2542
953.6732
30.4132
954.1467
30.5738
954.6198
30.7356
955.0923
30.8991
955.5643
31.0641
956.0357
31.2308
956.5065
31.3991
956.9767
31.5694
957.4461
31.7414
957.9149
31.9154
958.3829
32.0914
958.8501
32.2696
959.3164
32.4498
959.7819
32.6325
960.2465
32.8173
960.71
33.0047
961.1726
33.1946
961.634
33.3872
962.0943
33.5824
962.5534
33.7805
963.0112
33.9814
963.4677
34.1855
963.9228
34.3927
964.3763
34.6032
964.8283
34.817
965.2785
35.0344
965.727
35.2554
966.1736
35.4803
966.6182
35.709
967.0606
35.9419
967.5009
36.1789
967.9386
36.4206
968.3739
36.6666
968.8064
36.9176
969.236
37.1733
969.6624
37.4344
970.0856
37.7007
970.5052
37.9727
970.9211
38.2502
971.333
38.5337
971.7408
38.8229
972.1442
39.1183
972.5434
39.4194
972.9378
39.7268
973.3276
40.0399
973.7124
40.3591
974.0924
40.6841
974.4672
41.015
974.8371
41.3515
975.2016
41.6938
975.5609
42.0414
975.9149
42.3946
976.2635
42.7529
976.6068
43.1165
976.9447
43.4851
977.277
43.8586
977.6041
44.2368
977.9257
44.6196
978.242
45.0069
978.5528
45.3985
978.8584
45.7943
979.1586
46.1941
979.4536
46.5978
979.7434
47.0053
980.028
47.4164
980.3075
47.831
980.582
48.2489
980.8514
48.6701
981.1161
49.0943
981.3757
49.5216
981.6308
49.9517
981.881
50.3846
982.1267
50.82
982.3678
51.2581
982.6045
51.6985
982.8367
52.1413
983.0648
52.5863
983.2885
53.0334
983.5082
53.4826
983.7237
53.9337
983.9354
54.3867
984.1431
54.8415
984.3471
55.298
984.5473
55.7562
984.7439
56.2159
984.9369
56.6772
985.1264
57.1398
985.3125
57.6039
985.4953
58.0693
985.6749
58.536
985.8512
59.0038
986.0245
59.4728
986.1947
59.943
986.362
60.4142
986.5263
60.8864
986.6879
61.3596
986.8467
61.8337
987.0027
62.3087
987.1562
62.7846
987.3071
63.2613
987.4555
63.7387
987.6014
64.217
987.7449
64.6959
987.8861
65.1756
988.0251
65.6559
988.1618
66.1368
988.2963
66.6184
988.4287
67.1005
988.5591
67.5832
988.6875
68.0665
988.8139
68.5502
988.9383
69.0345
989.0609
69.5193
989.1816
70.0045
989.3006
70.4901
989.4178
70.9762
989.5333
71.4626
989.6471
71.9495
989.7593
72.4368
989.8699
72.9244
989.979
73.4123
990.0865
73.9006
990.1926
74.3893
990.2971
74.8782
990.4003
75.3674
990.5021
75.857
990.6026
76.3468
990.7017
76.8369
990.7995
77.3272
990.8961
77.8178
990.9914
78.3086
991.0861
78.7996
991.1803
79.2906
991.2744
79.7817
991.3686
80.2727
991.4632
80.7637
991.5584
81.2545
991.6546
81.7452
991.7517
82.2357
991.8503
82.7259
991.9502
83.2158
992.0519
83.7053
992.1554
84.1945
992.2609
84.6832
992.3685
85.1715
992.4786
85.6593
992.5909
86.1465
992.7058
86.6331
992.8233
87.1191
992.9437
87.6044
993.0668
88.089
993.193
88.5728
993.3221
89.0559
993.4544
89.538
993.5898
90.0193
993.7285
90.4997
993.8704
90.9792
994.0158
91.4576
994.1645
91.9349
994.3167
92.4112
994.4723
92.8864
994.6315
93.3604
994.7941
93.8332
994.9604
94.3047
995.1302
94.775
995.3037
95.2439
995.4807
95.7116
995.6615
96.1777
995.8457
96.6425
996.0338
97.1059
996.2253
97.5677
996.4206
98.028
996.6195
98.4867
996.822
98.9439
997.0281
99.3994
997.238
99.8533
997.4513
100.305
997.6683
100.756
997.8887
101.205
998.1129
101.652
998.3404
102.097
998.5716
102.54
998.8062
102.982
999.0443
103.421
999.2858
103.859
999.5307
104.295
999.779
104.729
9100.031
105.161
9100.286
105.591
9100.544
106.019
9100.806
106.445
9101.071
106.87
9101.339
107.292
9101.61
107.712
9101.884
108.13
9102.162
108.546
9102.442
108.96
9102.726
109.371
9103.012
109.781
9103.302
110.189
9103.594
110.594
9103.89
110.998
9104.188
111.399
9104.489
111.798
9104.793
112.195
9105.1
112.59
9105.409
112.983
9105.721
113.374
9106.036
113.762
9106.353
114.148
9106.673
114.533
9106.995
114.915
9107.32
115.295
9107.648
115.673
9107.978
116.048
9108.31
116.422
9108.645
116.793
9108.982
117.163
9109.321
117.53
9109.663
117.895
9110.007
118.258
9110.353
118.619
9110.701
118.978
9111.051
119.335
9111.404
119.689
9111.758
120.042
9112.115
120.392
9112.473
120.741
9112.834
121.087
9113.196
121.432
9113.561
121.774
9113.927
122.114
9114.295
122.452
9114.665
122.789
9115.037
123.123
9115.411
123.455
9115.786
123.785
9116.163
124.114
9116.542
124.44
9116.923
124.765
9117.305
125.087
9117.689
125.408
9118.074
125.726
9118.461
126.043
9118.849
126.358
9119.239
126.671
9119.631
126.982
9120.023
127.291
9120.418
127.598
9120.814
127.904
9121.211
128.208
9121.609
128.51
9122.009
128.81
9122.411
129.108
9122.813
129.405
9123.217
129.699
9123.622
129.992
9124.028
130.284
9124.436
130.573
9124.845
130.861
9125.255
131.147
9125.666
131.432
9126.078
131.715
9126.492
131.996
9126.906
132.275
9127.322
132.553
9127.739
132.829
9128.157
133.104
9128.576
133.377
9128.995
133.648
9129.416
133.918
9129.838
134.187
9130.261
134.453
9130.685
134.719
9131.11
134.982
9131.536
135.244
9131.962
135.505
9132.39
135.764
9132.819
136.022
9133.248
136.278
9133.678
136.533
9134.109
136.786
9134.541
137.038
9134.974
137.288
9135.408
137.537
9135.842
137.785
9136.277
138.031
9136.713
138.276
9137.15
138.519
9137.587
138.761
9138.026
139.002
9138.465
139.241
9138.905
139.478
9139.346
139.714
9139.788
139.948
9140.231
140.18
9140.674
140.41
9141.119
140.639
9141.565
140.866
9142.011
141.09
9142.459
141.313
9142.908
141.534
9143.357
141.753
9143.808
141.97
9144.259
142.184
9144.712
142.397
9145.165
142.607
9145.62
142.815
9146.076
143.021
9146.532
143.225
9146.99
143.426
9147.449
143.625
9147.908
143.822
9148.369
144.016
9148.831
144.208
9149.294
144.397
9149.757
144.584
9150.222
144.769
9150.688
144.951
9151.155
145.13
9151.622
145.306
9152.091
145.48
9152.561
145.652
9153.032
145.821
9153.503
145.987
9153.976
146.15
9154.449
146.311
9154.924
146.468
9155.399
146.623
9155.875
146.775
9156.353
146.925
9156.831
147.071
9157.31
147.215
9157.789
147.355
9158.27
147.493
9158.752
147.628
9159.234
147.759
9159.717
147.888
9160.201
148.014
9160.686
148.136
9161.171
148.256
9161.658
148.372
9162.145
148.486
9162.632
148.596
9163.121
148.703
9163.61
148.807
9164.1
148.907
9164.59
149.005
9165.081
149.1
9165.572
149.193
9166.064
149.283
9166.556
149.371
9167.049
149.456
9167.542
149.54
9168.035
149.622
9168.528
149.702
9169.022
149.781
9169.516
149.858
9170.01
149.934
9170.505
150.008
9170.999
150.082
9171.494
150.154
9171.989
150.225
9172.484
150.295
9172.979
150.364
9173.475
150.433
9173.97
150.501
9174.466
150.568
9174.961
150.634
9175.457
150.701
9175.952
150.766
9176.448
150.831
9176.944
150.896
9177.44
150.96
9177.936
151.024
9178.432
151.088
9178.927
151.152
9179.423
151.216
9179.919
151.279
9180.415
151.343
9180.911
151.406
9181.407
151.469
9181.903
151.533
9182.399
151.596
9182.895
151.66
9183.391
151.724
9183.887
151.788
9184.383
151.852
9184.879
151.916
9185.374
151.981
9185.87
152.046
9186.366
152.111
9186.862
152.177
9187.357
152.243
9187.853
152.309
9188.348
152.376
9188.844
152.443
9189.339
152.511
9189.834
152.579
9190.33
152.648
9190.825
152.717
9191.32
152.787
9191.815
152.857
9192.31
152.928
9192.805
153
9193.299
153.072
9193.794
153.146
9194.289
153.22
9194.783
153.294
9195.277
153.37
9195.771
153.446
9196.265
153.523
9196.759
153.601
9197.253
153.68
9197.747
153.76
9198.24
153.841
9198.733
153.923
9199.226
154.006
9199.719
154.09
9200.212
154.175
9200.704
154.261
9201.197
154.349
9201.689
154.438
9202.181
154.528
9202.672
154.62
9203.163
154.713
9203.654
154.807
9204.145
154.903
9204.635
155.001
9205.125
155.1
9205.615
155.201
9206.104
155.304
9206.593
155.409
9207.082
155.515
9207.57
155.624
9208.057
155.735
9208.544
155.848
9209.031
155.964
9209.517
156.082
9210.002
156.203
9210.486
156.326
9210.97
156.452
9211.453
156.582
9211.935
156.714
9212.417
156.85
9212.897
156.99
9213.376
157.133
9213.853
157.281
9214.33
157.433
9214.804
157.59
9215.278
157.751
9215.749
157.918
9216.218
158.091
9216.685
158.27
9217.149
158.455
9217.611
158.648
9218.069
158.849
9218.523
159.058
9218.972
159.277
9219.417
159.506
9219.855
159.746
9220.287
159.998
9220.713
160.26
9221.13
160.535
9221.54
160.822
9221.942
161.12
9222.335
161.429
9222.718
161.75
9223.093
162.081
9223.458
162.423
9223.813
162.774
9224.159
163.136
9224.495
163.506
9224.821
163.885
9225.137
164.272
9225.443
164.668
9225.74
165.07
9226.027
165.48
9226.304
165.895
9226.573
166.317
9226.832
166.745
9227.081
167.178
9227.323
167.616
9227.555
168.059
9227.779
168.506
9227.995
168.957
9228.203
169.411
9228.404
169.869
9228.597
170.331
9228.782
170.795
9228.961
171.262
9229.133
171.732
9229.298
172.203
9229.457
172.677
9229.61
173.153
9229.757
173.631
9229.899
174.111
9230.035
174.592
9230.166
175.075
9230.292
175.558
9230.413
176.044
9230.529
176.53
9230.641
177.017
9230.749
177.505
9230.853
177.994
9230.953
178.484
9231.049
178.975
9231.141
179.466
9231.23
179.959
9231.316
180.451
9231.398
180.944
9231.478
181.438
9231.555
181.932
9231.628
182.426
9231.7
182.921
9231.768
183.417
9231.834
183.912
9231.898
184.408
9231.96
184.904
9232.019
185.401
9232.077
185.898
9232.132
186.394
9232.186
186.892
9232.238
187.389
9232.288
187.886
9232.336
188.384
9232.383
188.882
9232.428
189.38
9232.472
189.878
9232.515
190.376
9232.556
190.874
9232.596
191.373
9232.634
191.871
9232.672
192.37
9232.708
192.868
9232.744
193.367
9232.778
193.866
9232.812
194.365
9232.846
194.864
9232.881
195.363
9232.916
195.861
9232.952
196.36
9232.99
196.859
9233.03
197.357
9233.071
197.855
9233.116
198.353
9233.162
198.851
9233.212
199.349
9233.264
199.846
9233.32
200.343
9233.38
200.839
9233.443
201.335
9233.51
201.831
9233.581
202.326
9233.656
202.82
9233.736
203.313
9233.82
203.806
9233.909
204.298
9234.002
204.79
9234.1
205.28
9234.203
205.769
9234.311
206.257
9234.424
206.744
9234.542
207.23
9234.665
207.715
9234.794
208.198
9234.927
208.68
9235.066
209.16
9235.21
209.639
9235.36
210.116
9235.515
210.592
9235.675
211.065
9235.84
211.537
9236.011
212.007
9236.187
212.475
9236.369
212.941
9236.555
213.405
9236.747
213.866
9236.945
214.326
9237.147
214.783
9237.355
215.238
9237.567
215.69
9237.785
216.141
9238.008
216.588
9238.236
217.033
9238.469
217.476
9238.706
217.916
9238.949
218.353
9239.196
218.787
9239.448
219.219
9239.705
219.648
9239.966
220.075
9240.232
220.498
9240.502
220.919
9240.777
221.337
9241.056
221.751
9241.339
222.163
9241.627
222.572
9241.918
222.979
9242.214
223.382
9242.514
223.782
9242.818
224.179
9243.126
224.573
9243.438
224.964
9243.753
225.351
9244.073
225.736
9244.397
226.117
9244.724
226.495
9245.056
226.869
9245.391
227.24
9245.73
227.608
9246.073
227.971
9246.42
228.331
9246.771
228.688
9247.125
229.04
9247.484
229.389
9247.846
229.734
9248.212
230.074
9248.582
230.411
9248.956
230.742
9249.334
231.07
9249.715
231.393
9250.101
231.712
9250.49
232.025
9250.883
232.334
9251.28
232.638
9251.681
232.937
9252.086
233.23
9252.495
233.518
9252.907
233.801
9253.324
234.077
9253.743
234.349
9254.166
234.617
9254.591
234.88
9255.019
235.139
9255.448
235.395
9255.88
235.647
9256.313
235.897
9256.747
236.145
9257.183
236.39
9257.62
236.633
9258.057
236.876
9258.495
237.117
9258.934
237.357
9259.372
237.597
9259.811
237.837
9260.25
238.076
9260.688
238.317
9261.126
238.558
9261.563
238.801
9262
239.045
9262.435
239.29
9262.87
239.538
9263.302
239.789
9263.734
240.042
9264.163
240.298
9264.59
240.558
9265.015
240.822
9265.437
241.09
9265.856
241.363
9266.271
241.641
9266.683
241.925
9267.091
242.214
9267.494
242.51
9267.891
242.813
9268.283
243.124
9268.669
243.442
9269.047
243.769
9269.418
244.104
9269.78
244.449
9270.133
244.803
9270.475
245.168
9270.805
245.543
9271.123
245.929
9271.428
246.326
9271.717
246.734
9271.991
247.152
9272.248
247.581
9272.487
248.02
9272.706
248.469
9272.907
248.927
9273.086
249.394
9273.244
249.869
9273.379
250.35
9273.493
250.837
9273.583
251.329
9273.65
251.824
9273.694
252.322
9273.714
252.822
9273.711
253.322
9273.685
253.821
9273.636
254.319
9273.564
254.814
9273.47
255.305
9273.355
255.791
9273.218
256.272
9273.061
256.747
9272.885
257.215
9272.689
257.675
9272.475
258.126
9272.243
258.57
9271.994
259.003
9271.73
259.428
9271.45
259.842
9271.156
260.246
9270.848
260.64
9270.527
261.024
9270.194
261.397
9269.85
261.759
9269.494
262.111
9269.129
262.452
9268.754
262.783
9268.371
263.104
9267.978
263.414
9267.577
263.712
9267.168
264
9266.751
264.275
9266.326
264.539
9265.894
264.791
9265.455
265.03
9265.009
265.257
9264.557
265.47
9264.099
265.67
9263.635
265.857
9263.166
266.03
9262.692
266.19
9262.214
266.335
9261.731
266.466
9261.245
266.583
9260.755
266.685
9260.263
266.772
9259.768
266.845
9259.272
266.903
9258.774
266.946
9258.275
266.975
9257.775
266.989
9257.275
266.988
9256.775
266.972
9256.276
266.942
9255.778
266.897
9255.281
266.839
9254.787
266.766
9254.294
266.679
9253.805
266.578
9253.318
266.464
9252.834
266.337
9252.354
266.197
9251.878
266.043
9251.407
265.878
9250.939
265.7
9250.476
265.511
9250.019
265.31
9249.566
265.097
9249.119
264.874
9248.677
264.64
9248.24
264.396
9247.81
264.142
9247.385
263.878
9246.966
263.606
9246.553
263.323
9246.146
263.033
9245.745
262.734
9245.351
262.427
9244.962
262.112
9244.58
261.79
9244.204
261.46
9243.835
261.123
9243.472
260.779
9243.116
260.428
9242.767
260.07
9242.425
259.705
9242.091
259.333
9241.763
258.955
9241.444
258.571
9241.132
258.18
9240.828
257.783
9240.532
257.38
9240.245
256.97
9239.967
256.555
9239.697
256.134
9239.436
255.708
9239.184
255.276
9238.942
254.838
9238.71
254.395
9238.487
253.948
9238.275
253.495
9238.072
253.038
9237.881
252.576
9237.7
252.11
9237.53
251.64
9237.371
251.166
9237.224
250.688
9237.088
250.207
9236.964
249.722
9236.851
249.235
9236.751
248.745
9236.662
248.253
9236.586
247.759
9236.522
247.263
9236.471
246.766
9236.431
246.267
9236.405
245.768
9236.391
245.268
9236.389
244.768
9236.4
244.268
9236.424
243.769
9236.46
243.27
9236.508
242.773
9236.569
242.276
9236.641
241.782
9236.726
241.289
9236.823
240.798
9236.932
240.31
9237.052
239.825
9237.184
239.342
9237.327
238.863
9237.481
238.388
9237.646
237.916
9237.822
237.448
9238.008
236.984
9238.204
236.524
9238.411
236.069
9238.627
235.618
9238.853
235.172
9239.088
234.73
9239.332
234.294
9239.585
233.863
9239.847
233.437
9240.116
233.016
9240.394
232.6
9240.68
232.19
9240.973
231.785
9241.274
231.385
9241.581
230.991
9241.896
230.602
9242.217
230.219
9242.545
229.841
9242.878
229.469
9243.218
229.102
9243.563
228.74
9243.914
228.384
9244.271
228.034
9244.632
227.688
9244.999
227.348
9245.37
227.013
9245.746
226.683
9246.126
226.358
9246.51
226.039
9246.899
225.724
9247.292
225.415
9247.689
225.11
9248.089
224.812
9248.494
224.518
9248.903
224.231
9249.316
223.948
9249.733
223.672
9250.153
223.402
9250.578
223.137
9251.006
222.879
9251.438
222.627
9251.873
222.381
9252.312
222.143
9252.755
221.91
9253.201
221.685
9253.651
221.466
9254.104
221.255
9254.561
221.05
9255.02
220.853
9255.483
220.664
9255.949
220.482
9256.417
220.308
9256.889
220.142
9257.363
219.984
9257.84
219.834
9258.32
219.692
9258.801
219.558
9259.286
219.433
9259.772
219.317
9260.26
219.209
9260.75
219.111
9261.242
219.021
9261.735
218.939
9262.23
218.864
9262.725
218.797
9263.222
218.737
9263.719
218.684
9264.217
218.636
9264.715
218.594
9265.213
218.557
9265.712
218.526
9266.212
218.499
9266.711
218.476
9267.211
218.458
9267.711
218.443
9268.21
218.432
9268.71
218.425
9269.21
218.42
9269.71
218.419
9270.21
218.42
9270.71
218.424
9271.21
218.43
9271.71
218.439
9272.21
218.449
9272.71
218.461
9273.21
218.476
9273.71
218.491
9274.209
218.509
9274.709
218.528
9275.209
218.548
9275.708
218.569
9276.208
218.591
9276.707
218.614
9277.206
218.639
9277.706
218.664
9278.205
218.69
9278.704
218.716
9279.204
218.744
9279.703
218.771
9280.202
218.8
9280.701
218.828
9281.2
218.858
9281.7
218.887
9282.199
218.917
9282.698
218.947
9283.197
218.978
9283.696
219.008
9284.195
219.039
9284.694
219.07
9285.193
219.101
9285.692
219.132
9286.191
219.163
9286.69
219.195
9287.189
219.226
9287.688
219.257
9288.187
219.289
9288.686
219.32
9289.185
219.351
9289.684
219.382
9290.183
219.413
9290.682
219.444
9291.181
219.475
9291.68
219.506
9292.18
219.536
9292.679
219.567
9293.178
219.597
9293.677
219.627
9294.176
219.657
9294.675
219.687
9295.174
219.717
9295.673
219.746
9296.172
219.776
9296.671
219.805
9297.171
219.836
9297.67
219.866
9298.169
219.898
9298.667
219.931
9299.166
219.965
9299.665
220.001
9300.164
220.039
9300.662
220.078
9301.16
220.12
9301.658
220.163
9302.156
220.209
9302.654
220.258
9303.151
220.309
9303.648
220.363
9304.145
220.419
9304.642
220.479
9305.138
220.541
9305.633
220.607
9306.129
220.676
9306.624
220.748
9307.118
220.823
9307.612
220.902
9308.105
220.984
9308.597
221.07
9309.089
221.159
9309.581
221.253
9310.071
221.349
9310.561
221.449
9311.05
221.553
9311.538
221.661
9312.026
221.773
9312.512
221.888
9312.998
222.008
9313.482
222.131
9313.966
222.258
9314.448
222.389
9314.93
222.524
9315.41
222.662
9315.89
222.805
9316.368
222.952
9316.844
223.102
9317.32
223.256
9317.794
223.415
9318.267
223.577
9318.739
223.743
9319.209
223.913
9319.678
224.087
9320.145
224.264
9320.611
224.446
9321.076
224.631
9321.538
224.82
9322
225.013
9322.459
225.21
9322.918
225.41
9323.374
225.614
9323.829
225.822
9324.282
226.033
9324.734
226.248
9325.184
226.466
9325.632
226.687
9326.079
226.911
9326.524
227.139
9326.968
227.37
9327.409
227.604
9327.85
227.84
9328.289
228.08
9328.726
228.323
9329.161
228.569
9329.595
228.818
9330.027
229.069
9330.457
229.323
9330.886
229.581
9331.313
229.841
9331.738
230.104
9332.162
230.37
9332.584
230.638
9333.004
230.91
9333.422
231.184
9333.838
231.461
9334.252
231.741
9334.664
232.024
9335.075
232.31
9335.483
232.598
9335.889
232.89
9336.294
233.184
9336.696
233.481
9337.095
233.781
9337.493
234.084
9337.888
234.391
9338.281
234.7
9338.672
235.012
9339.06
235.327
9339.446
235.645
9339.829
235.967
9340.209
236.291
9340.587
236.619
9340.962
236.95
9341.334
237.283
9341.705
237.619
9342.074
237.956
9342.441
238.296
9342.807
238.636
9343.172
238.978
9343.537
239.32
9343.901
239.662
9344.265
240.005
9344.629
240.348
9344.993
240.691
9345.358
241.033
9345.723
241.374
9346.089
241.715
9346.457
242.054
9346.825
242.391
9347.196
242.728
9347.567
243.062
9347.941
243.394
9348.317
243.724
9348.695
244.052
9349.075
244.377
9349.457
244.698
9349.842
245.017
9350.23
245.333
9350.621
245.645
9351.015
245.953
9351.412
246.257
9351.812
246.557
9352.215
246.852
9352.622
247.143
9353.033
247.428
9353.447
247.709
9353.864
247.984
9354.285
248.253
9354.71
248.516
9355.139
248.773
9355.572
249.024
9356.009
249.267
9356.449
249.504
9356.893
249.734
9357.341
249.956
9357.793
250.17
9358.249
250.376
9358.708
250.573
9359.171
250.762
9359.637
250.942
9360.107
251.113
9360.581
251.274
9361.057
251.426
9361.536
251.568
9362.019
251.7
9362.504
251.821
9362.991
251.932
9363.481
252.032
9363.973
252.121
9364.467
252.199
9364.963
252.266
9365.46
252.321
9365.958
252.365
9366.457
252.398
9366.956
252.418
9367.456
252.427
9367.956
252.424
9368.456
252.409
9368.955
252.382
9369.454
252.344
9369.951
252.293
9370.447
252.231
9370.942
252.157
9371.434
252.072
9371.925
251.975
9372.413
251.866
9372.898
251.746
9373.381
251.615
9373.86
251.473
9374.336
251.32
9374.809
251.157
9375.278
250.983
9375.743
250.799
9376.203
250.604
9376.66
250.4
9377.112
250.186
9377.559
249.963
9378.002
249.731
9378.44
249.489
9378.873
249.239
9379.3
248.981
9379.723
248.714
9380.141
248.439
9380.553
248.156
9380.96
247.866
9381.362
247.568
9381.759
247.263
9382.149
246.952
9382.535
246.633
9382.915
246.309
9383.29
245.978
9383.66
245.641
9384.024
245.298
9384.382
244.95
9384.736
244.596
9385.084
244.237
9385.427
243.873
9385.764
243.505
9386.097
243.131
9386.424
242.753
9386.746
242.37
9387.062
241.983
9387.373
241.591
9387.678
241.195
9387.977
240.794
9388.27
240.389
9388.557
239.98
9388.837
239.566
9389.112
239.148
9389.379
238.726
9389.641
238.299
9389.895
237.869
9390.143
237.435
9390.383
236.996
9390.617
236.554
9390.843
236.108
9391.061
235.658
9391.272
235.205
9391.475
234.748
9391.67
234.287
9391.857
233.824
9392.036
233.357
9392.206
232.887
9392.368
232.414
9392.521
231.938
9392.666
231.459
9392.801
230.978
9392.927
230.494
9393.045
230.008
9393.152
229.52
9393.251
229.029
9-10
-10
10
10
910.0241
10.0179
910.0723
10.0536
910.1446
10.1072
910.241
10.1786
910.3615
10.2679
910.5062
10.3751
910.6749
10.5001
910.8679
10.6428
911.0852
10.803
911.327
10.9806
911.5932
11.1756
911.8841
11.3876
912.1997
11.6167
912.5402
11.8626
912.9054
12.1253
913.2958
12.4045
913.7031
12.6945
914.1112
12.9833
914.52
13.2712
914.9297
13.5578
915.3403
13.8432
915.7518
14.1273
916.1642
14.41
916.5776
14.6911
916.9921
14.9708
917.4076
15.2489
917.8242
15.5254
918.242
15.8
918.6609
16.073
919.0811
16.3441
919.5024
16.6133
919.925
16.8806
920.3488
17.1459
920.7739
17.409
921.2003
17.6702
921.6281
17.9291
922.0571
18.1858
922.4875
18.4403
922.9193
18.6925
923.3524
18.9422
923.7869
19.1896
924.2228
19.4345
924.6601
19.677
925.0989
19.9168
925.5389
20.1541
925.9805
20.3887
926.4234
20.6207
926.8678
20.8498
927.3136
21.0763
927.7609
21.2998
928.2095
21.5206
928.6596
21.7384
929.111
21.9533
929.564
22.1651
930.0182
22.3739
930.474
22.5796
930.9311
22.7822
931.3896
22.9816
931.8495
23.1779
932.3108
23.3708
932.7734
23.5605
933.2374
23.7468
933.7027
23.9298
934.1694
24.1092
934.6373
24.2854
935.1064
24.4584
935.5766
24.6286
936.0477
24.7961
936.5196
24.9612
936.9924
25.124
937.4659
25.2847
937.94
25.4435
938.4147
25.6005
938.8899
25.7559
939.3656
25.9099
939.8417
26.0626
940.3182
26.2141
940.795
26.3646
941.2721
26.5142
941.7494
26.6631
942.227
26.8113
942.7047
26.9589
943.1825
27.1061
943.6605
27.253
944.1385
27.3996
944.6165
27.5461
945.0946
27.6925
945.5727
27.839
946.0507
27.9856
946.5286
28.1325
947.0065
28.2796
947.4842
28.4272
947.9619
28.5751
948.4393
28.7237
948.9165
28.8728
949.3935
29.0226
949.8703
29.1732
950.3469
29.3246
950.8231
29.4769
951.299
29.6301
951.7747
29.7844
952.2499
29.9398
952.7248
30.0963
953.1992
30.2542
953.6732
30.4132
954.1467
30.5738
954.6198
30.7356
955.0923
30.8991
955.5643
31.0641
956.0357
31.2308
956.5065
31.3991
956.9767
31.5694
957.4461
31.7414
957.9149
31.9154
958.3829
32.0914
958.8501
32.2696
959.3164
32.4498
959.7819
32.6325
960.2465
32.8173
960.71
33.0047
961.1726
33.1946
961.634
33.3872
962.0943
33.5824
962.5534
33.7805
963.0112
33.9814
963.4677
34.1855
963.9228
34.3927
964.3763
34.6032
964.8283
34.817
965.2785
35.0344
965.727
35.2554
966.1736
35.4803
966.6182
35.709
967.0606
35.9419
967.5009
36.1789
967.9386
36.4206
968.3739
36.6666
968.8064
36.9176
969.236
37.1733
969.6624
37.4344
970.0856
37.7007
970.5052
37.9727
970.9211
38.2502
971.333
38.5337
971.7408
38.8229
972.1442
39.1183
972.5434
39.4194
972.9378
39.7268
973.3276
40.0399
973.7124
40.3591
974.0924
40.6841
974.4672
41.015
974.8371
41.3515
975.2016
41.6938
975.5609
42.0414
975.9149
42.3946
976.2635
42.7529
976.6068
43.1165
976.9447
43.4851
977.277
43.8586
977.6041
44.2368
977.9257
44.6196
978.242
45.0069
978.5528
45.3985
978.8584
45.7943
979.1586
46.1941
979.4536
46.5978
979.7434
47.0053
980.028
47.4164
980.3075
47.831
980.582
48.2489
980.8514
48.6701
981.1161
49.0943
981.3757
49.5216
981.6308
49.9517
981.881
50.3846
982.1267
50.82
982.3678
51.2581
982.6045
51.6985
982.8367
52.1413
983.0648
52.5863
983.2885
53.0334
983.5082
53.4826
983.7237
53.9337
983.9354
54.3867
984.1431
54.8415
984.3471
55.298
984.5473
55.7562
984.7439
56.2159
984.9369
56.6772
985.1264
57.1398
985.3125
57.6039
985.4953
58.0693
985.6749
58.536
985.8512
59.0038
986.0245
59.4728
986.1947
59.943
986.362
60.4142
986.5263
60.8864
986.6879
61.3596
986.8467
61.8337
987.0027
62.3087
987.1562
62.7846
987.3071
63.2613
987.4555
63.7387
987.6014
64.217
987.7449
64.6959
987.8861
65.1756
988.0251
65.6559
988.1618
66.1368
988.2963
66.6184
988.4287
67.1005
988.5591
67.5832
988.6875
68.0665
988.8139
68.5502
988.9383
69.0345
989.0609
69.5193
989.1816
70.0045
989.3006
70.4901
989.4178
70.9762
989.5333
71.4626
989.6471
71.9495
989.7593
72.4368
989.8699
72.9244
989.979
73.4123
990.0865
73.9006
990.1926
74.3893
990.2971
74.8782
990.4003
75.3674
990.5021
75.857
990.6026
76.3468
990.7017
76.8369
990.7995
77.3272
990.8961
77.8178
990.9914
78.3086
991.0861
78.7996
991.1803
79.2906
991.2744
79.7817
991.3686
80.2727
991.4632
80.7637
991.5584
81.2545
991.6546
81.7452
991.7517
82.2357
991.8503
82.7259
991.9502
83.2158
992.0519
83.7053
992.1554
84.1945
992.2609
84.6832
992.3685
85.1715
992.4786
85.6593
992.5909
86.1465
992.7058
86.6331
992.8233
87.1191
992.9437
87.6044
993.0668
88.089
993.193
88.5728
993.3221
89.0559
993.4544
89.538
993.5898
90.0193
993.7285
90.4997
993.8704
90.9792
994.0158
91.4576
994.1645
91.9349
994.3167
92.4112
994.4723
92.8864
994.6315
93.3604
994.7941
93.8332
994.9604
94.3047
995.1302
94.775
995.3037
95.2439
995.4807
95.7116
995.6615
96.1777
995.8457
96.6425
996.0338
97.1059
996.2253
97.5677
996.4206
98.028
996.6195
98.4867
996.822
98.9439
997.0281
99.3994
997.238
99.8533
997.4513
100.305
997.6683
100.756
997.8887
101.205
998.1129
101.652
998.3404
102.097
998.5716
102.54
998.8062
102.982
999.0443
103.421
999.2858
103.859
999.5307
104.295
999.779
104.729
9100.031
105.161
9100.286
105.591
9100.544
106.019
9100.806
106.445
9101.071
106.87
9101.339
107.292
9101.61
107.712
9101.884
108.13
9102.162
108.546
9102.442
108.96
9102.726
109.371
9103.012
109.781
9103.302
110.189
9103.594
110.594
9103.89
110.998
9104.188
111.399
9104.489
111.798
9104.793
112.195
9105.1
112.59
9105.409
112.983
9105.721
113.374
9106.036
113.762
9106.353
114.148
9106.673
114.533
9106.995
114.915
9107.32
115.295
9107.648
115.673
9107.978
116.048
9108.31
116.422
9108.645
116.793
9108.982
117.163
9109.321
117.53
9109.663
117.895
9110.007
118.258
9110.353
118.619
9110.701
118.978
9111.051
119.335
9111.404
119.689
9111.758
120.042
9112.115
120.392
9112.473
120.741
9112.834
121.087
9113.196
121.432
9113.561
121.774
9113.927
122.114
9114.295
122.452
9114.665
122.789
9115.037
123.123
9115.411
123.455
9115.786
123.785
9116.163
124.114
9116.542
124.44
9116.923
124.765
9117.305
125.087
9117.689
125.408
9118.074
125.726
9118.461
126.043
9118.849
126.358
9119.239
126.671
9119.631
126.982
9120.023
127.291
9120.418
127.598
9120.814
127.904
9121.211
128.208
9121.609
128.51
9122.009
128.81
9122.411
129.108
9122.813
129.405
9123.217
129.699
9123.622
129.992
9124.028
130.284
9124.436
130.573
9124.845
130.861
9125.255
131.147
9125.666
131.432
9126.078
131.715
9126.492
131.996
9126.906
132.275
9127.322
132.553
9127.739
132.829
9128.157
133.104
9128.576
133.377
9128.995
133.648
9129.416
133.918
9129.838
134.187
9130.261
134.453
9130.685
134.719
9131.11
134.982
9131.536
135.244
9131.962
135.505
9132.39
135.764
9132.819
136.022
9133.248
136.278
9133.678
136.533
9134.109
136.786
9134.541
137.038
9134.974
137.288
9135.408
137.537
9135.842
137.785
9136.277
138.031
9136.713
138.276
9137.15
138.519
9137.587
138.761
9138.026
139.002
9138.465
139.241
9138.905
139.478
9139.346
139.714
9139.788
139.948
9140.231
140.18
9140.674
140.41
9141.119
140.639
9141.565
140.866
9142.011
141.09
9142.459
141.313
9142.908
141.534
9143.357
141.753
9143.808
141.97
9144.259
142.184
9144.712
142.397
9145.165
142.607
9145.62
142.815
9146.076
143.021
9146.532
143.225
9146.99
143.426
9147.449
143.625
9147.908
143.822
9148.369
144.016
9148.831
144.208
9149.294
144.397
9149.757
144.584
9150.222
144.769
9150.688
144.951
9151.155
145.13
9151.622
145.306
9152.091
145.48
9152.561
145.652
9153.032
145.821
9153.503
145.987
9153.976
146.15
9154.449
146.311
9154.924
146.468
9155.399
146.623
9155.875
146.775
9156.353
146.925
9156.831
147.071
9157.31
147.215
9157.789
147.355
9158.27
147.493
9158.752
147.628
9159.234
147.759
9159.717
147.888
9160.201
148.014
9160.686
148.136
9161.171
148.256
9161.658
148.372
9162.145
148.486
9162.632
148.596
9163.121
148.703
9163.61
148.807
9164.1
148.907
9164.59
149.005
9165.081
149.1
9165.572
149.193
9166.064
149.283
9166.556
149.371
9167.049
149.456
9167.542
149.54
9168.035
149.622
9168.528
149.702
9169.022
149.781
9169.516
149.858
9170.01
149.934
9170.505
150.008
9170.999
150.082
9171.494
150.154
9171.989
150.225
9172.484
150.295
9172.979
150.364
9173.475
150.433
9173.97
150.501
9174.466
150.568
9174.961
150.634
9175.457
150.701
9175.952
150.766
9176.448
150.831
9176.944
150.896
9177.44
150.96
9177.936
151.024
9178.432
151.088
9178.927
151.152
9179.423
151.216
9179.919
151.279
9180.415
151.343
9180.911
151.406
9181.407
151.469
9181.903
151.533
9182.399
151.596
9182.895
151.66
9183.391
151.724
9183.887
151.788
9184.383
151.852
9184.879
151.916
9185.374
151.981
9185.87
152.046
9186.366
152.111
9186.862
152.177
9187.357
152.243
9187.853
152.309
9188.348
152.376
9188.844
152.443
9189.339
152.511
9189.834
152.579
9190.33
152.648
9190.825
152.717
9191.32
152.787
9191.815
152.857
9192.31
152.928
9192.805
153
9193.299
153.072
9193.794
153.146
9194.289
153.22
9194.783
153.294
9195.277
153.37
9195.771
153.446
9196.265
153.523
9196.759
153.601
9197.253
153.68
9197.747
153.76
9198.24
153.841
9198.733
153.923
9199.226
154.006
9199.719
154.09
9200.212
154.175
9200.704
154.261
9201.197
154.349
9201.689
154.438
9202.181
154.528
9202.672
154.62
9203.163
154.713
9203.654
154.807
9204.145
154.903
9204.635
155.001
9205.125
155.1
9205.615
155.201
9206.104
155.304
9206.593
155.409
9207.082
155.515
9207.57
155.624
9208.057
155.735
9208.544
155.848
9209.031
155.964
9209.517
156.082
9210.002
156.203
9210.486
156.326
9210.97
156.452
9211.453
156.582
9211.935
156.714
9212.417
156.85
9212.897
156.99
9213.376
157.133
9213.853
157.281
9214.33
157.433
9214.804
157.59
9215.278
157.751
9215.749
157.918
9216.218
158.091
9216.685
158.27
9217.149
158.455
9217.611
158.648
9218.069
158.849
9218.523
159.058
9218.972
159.277
9219.417
159.506
9219.855
159.746
9220.287
159.998
9220.713
160.26
9221.13
160.535
9221.54
160.822
9221.942
161.12
9222.335
161.429
9222.718
161.75
9223.093
162.081
9223.458
162.423
9223.813
162.774
9224.159
163.136
9224.495
163.506
9224.821
163.885
9225.137
164.272
9225.443
164.668
9225.74
165.07
9226.027
165.48
9226.304
165.895
9226.573
166.317
9226.832
166.745
9227.081
167.178
9227.323
167.616
9227.555
168.059
9227.779
168.506
9227.995
168.957
9228.203
169.411
9228.404
169.869
9228.597
170.331
9228.782
170.795
9228.961
171.262
9229.133
171.732
9229.298
172.203
9229.457
172.677
9229.61
173.153
9229.757
173.631
9229.899
174.111
9230.035
174.592
9230.166
175.075
9230.292
175.558
9230.413
176.044
9230.529
176.53
9230.641
177.017
9230.749
177.505
9230.853
177.994
9230.953
178.484
9231.049
178.975
9231.141
179.466
9231.23
179.959
9231.316
180.451
9231.398
180.944
9231.478
181.438
9231.555
181.932
9231.628
182.426
9231.7
182.921
9231.768
183.417
9231.834
183.912
9231.898
184.408
9231.96
184.904
9232.019
185.401
9232.077
185.898
9232.132
186.394
9232.186
186.892
9232.238
187.389
9232.288
187.886
9232.336
188.384
9232.383
188.882
9232.428
189.38
9232.472
189.878
9232.515
190.376
9232.556
190.874
9232.596
191.373
9232.634
191.871
9232.672
192.37
9232.708
192.868
9232.744
193.367
9232.778
193.866
9232.812
194.365
9232.846
194.864
9232.881
195.363
9232.916
195.861
9232.952
196.36
9232.99
196.859
9233.03
197.357
9233.071
197.855
9233.116
198.353
9233.162
198.851
9233.212
199.349
9233.264
199.846
9233.32
200.343
9233.38
200.839
9233.443
201.335
9233.51
201.831
9233.581
202.326
9233.656
202.82
9233.736
203.313
9233.82
203.806
9233.909
204.298
9234.002
204.79
9234.1
205.28
9234.203
205.769
9234.311
206.257
9234.424
206.744
9234.542
207.23
9234.665
207.715
9234.794
208.198
9234.927
208.68
9235.066
209.16
9235.21
209.639
9235.36
210.116
9235.515
210.592
9235.675
211.065
9235.84
211.537
9236.011
212.007
9236.187
212.475
9236.369
212.941
9236.555
213.405
9236.747
213.866
9236.945
214.326
9237.147
214.783
9237.355
215.238
9237.567
215.69
9237.785
216.141
9238.008
216.588
9238.236
217.033
9238.469
217.476
9238.706
217.916
9238.949
218.353
9239.196
218.787
9239.448
219.219
9239.705
219.648
9239.966
220.075
9240.232
220.498
9240.502
220.919
9240.777
221.337
9241.056
221.751
9241.339
222.163
9241.627
222.572
9241.918
222.979
9242.214
223.382
9242.514
223.782
9242.818
224.179
9243.126
224.573
9243.438
224.964
9243.753
225.351
9244.073
225.736
9244.397
226.117
9244.724
226.495
9245.056
226.869
9245.391
227.24
9245.73
227.608
9246.073
227.971
9246.42
228.331
9246.771
228.688
9247.125
229.04
9247.484
229.389
9247.846
229.734
9248.212
230.074
9248.582
230.411
9248.956
230.742
9249.334
231.07
9249.715
231.393
9250.101
231.712
9250.49
232.025
9250.883
232.334
9251.28
232.638
9251.681
232.937
9252.086
233.23
9252.495
233.518
9252.907
233.801
9253.324
234.077
9253.743
234.349
9254.166
234.617
9254.591
234.88
9255.019
235.139
9255.448
235.395
9255.88
235.647
9256.313
235.897
9256.747
236.145
9257.183
236.39
9257.62
236.633
9258.057
236.876
9258.495
237.117
9258.934
237.357
9259.372
237.597
9259.811
237.837
9260.25
238.076
9260.688
238.317
9261.126
238.558
9261.563
238.801
9262
239.045
9262.435
239.29
9262.87
239.538
9263.302
239.789
9263.734
240.042
9264.163
240.298
9264.59
240.558
9265.015
240.822
9265.437
241.09
9265.856
241.363
9266.271
241.641
9266.683
241.925
9267.091
242.214
9267.494
242.51
9267.891
242.813
9268.283
243.124
9268.669
243.442
9269.047
243.769
9269.418
244.104
9269.78
244.449
9270.133
244.803
9270.475
245.168
9270.805
245.543
9271.123
245.929
9271.428
246.326
9271.717
246.734
9271.991
247.152
9272.248
247.581
9272.487
248.02
9272.706
248.469
9272.907
248.927
9273.086
249.394
9273.244
249.869
9273.379
250.35
9273.493
250.837
9273.583
251.329
9273.65
251.824
9273.694
252.322
9273.714
252.822
9273.711
253.322
9273.685
253.821
9273.636
254.319
9273.564
254.814
9273.47
255.305
9273.355
255.791
9273.218
256.272
9273.061
256.747
9272.885
257.215
9272.689
257.675
9272.475
258.126
9272.243
258.57
9271.994
259.003
9271.73
259.428
9271.45
259.842
9271.156
260.246
9270.848
260.64
9270.527
261.024
9270.194
261.397
9269.85
261.759
9269.494
262.111
9269.129
262.452
9268.754
262.783
9268.371
263.104
9267.978
263.414
9267.577
263.712
9267.168
264
9266.751
264.275
9266.326
264.539
9265.894
264.791
9265.455
265.03
9265.009
265.257
9264.557
265.47
9264.099
265.67
9263.635
265.857
9263.166
266.03
9262.692
266.19
9262.214
266.335
9261.731
266.466
9261.245
266.583
9260.755
266.685
9260.263
266.772
9259.768
266.845
9259.272
266.903
9258.774
266.946
9258.275
266.975
9257.775
266.989
9257.275
266.988
9256.775
266.972
9256.276
266.942
9255.778
266.897
9255.281
266.839
9254.787
266.766
9254.294
266.679
9253.805
266.578
9253.318
266.464
9252.834
266.337
9252.354
266.197
9251.878
266.043
9251.407
265.878
9250.939
265.7
9250.476
265.511
9250.019
265.31
9249.566
265.097
9249.119
264.874
9248.677
264.64
9248.24
264.396
9247.81
264.142
9247.385
263.878
9246.966
263.606
9246.553
263.323
9246.146
263.033
9245.745
262.734
9245.351
262.427
9244.962
262.112
9244.58
261.79
9244.204
261.46
9243.835
261.123
9243.472
260.779
9243.116
260.428
9242.767
260.07
9242.425
259.705
9242.091
259.333
9241.763
258.955
9241.444
258.571
9241.132
258.18
9240.828
257.783
9240.532
257.38
9240.245
256.97
9239.967
256.555
9239.697
256.134
9239.436
255.708
9239.184
255.276
9238.942
254.838
9238.71
254.395
9238.487
253.948
9238.275
253.495
9238.072
253.038
9237.881
252.576
9237.7
252.11
9237.53
251.64
9237.371
251.166
9237.224
250.688
9237.088
250.207
9236.964
249.722
9236.851
249.235
9236.751
248.745
9236.662
248.253
9236.586
247.759
9236.522
247.263
9236.471
246.766
9236.431
246.267
9236.405
245.768
9236.391
245.268
9236.389
244.768
9236.4
244.268
9236.424
243.769
9236.46
243.27
9236.508
242.773
9236.569
242.276
9236.641
241.782
9236.726
241.289
9236.823
240.798
9236.932
240.31
9237.052
239.825
9237.184
239.342
9237.327
238.863
9237.481
238.388
9237.646
237.916
9237.822
237.448
9238.008
236.984
9238.204
236.524
9238.411
236.069
9238.627
235.618
9238.853
235.172
9239.088
234.73
9239.332
234.294
9239.585
233.863
9239.847
233.437
9240.116
233.016
9240.394
232.6
9240.68
232.19
9240.973
231.785
9241.274
231.385
9241.581
230.991
9241.896
230.602
9242.217
230.219
9242.545
229.841
9242.878
229.469
9243.218
229.102
9243.563
228.74
9243.914
228.384
9244.271
228.034
9244.632
227.688
9244.999
227.348
9245.37
227.013
9245.746
226.683
9246.126
226.358
9246.51
226.039
9246.899
225.724
9247.292
225.415
9247.689
225.11
9248.089
224.812
9248.494
224.518
9248.903
224.231
9249.316
223.948
9249.733
223.672
9250.153
223.402
9250.578
223.137
9251.006
222.879
9251.438
222.627
9251.873
222.381
9252.312
222.143
9252.755
221.91
9253.201
221.685
9253.651
221.466
9254.104
221.255
9254.561
221.05
9255.02
220.853
9255.483
220.664
9255.949
220.482
9256.417
220.308
9256.889
220.142
9257.363
219.984
9257.84
219.834
9258.32
219.692
9258.801
219.558
9259.286
219.433
9259.772
219.317
9260.26
219.209
9260.75
219.111
9261.242
219.021
9261.735
218.939
9262.23
218.864
9262.725
218.797
9263.222
218.737
9263.719
218.684
9264.217
218.636
9264.715
218.594
9265.213
218.557
9265.712
218.526
9266.212
218.499
9266.711
218.476
9267.211
218.458
9267.711
218.443
9268.21
218.432
9268.71
218.425
9269.21
218.42
9269.71
218.419
9270.21
218.42
9270.71
218.424
9271.21
218.43
9271.71
218.439
9272.21
218.449
9272.71
218.461
9273.21
218.476
9273.71
218.491
9274.209
218.509
9274.709
218.528
9275.209
218.548
9275.708
218.569
9276.208
218.591
9276.707
218.614
9277.206
218.639
9277.706
218.664
9278.205
218.69
9278.704
218.716
9279.204
218.744
9279.703
218.771
9280.202
218.8
9280.701
218.828
9281.2
218.858
9281.7
218.887
9282.199
218.917
9282.698
218.947
9283.197
218.978
9283.696
219.008
9284.195
219.039
9284.694
219.07
9285.193
219.101
9285.692
219.132
9286.191
219.163
9286.69
219.195
9287.189
219.226
9287.688
219.257
9288.187
219.289
9288.686
219.32
9289.185
219.351
9289.684
219.382
9290.183
219.413
9290.682
219.444
9291.181
219.475
9291.68
219.506
9292.18
219.536
9292.679
219.567
9293.178
219.597
9293.677
219.627
9294.176
219.657
9294.675
219.687
9295.174
219.717
9295.673
219.746
9296.172
219.776
9296.671
219.805
9297.171
219.836
9297.67
219.866
9298.169
219.898
9298.667
219.931
9299.166
219.965
9299.665
220.001
9300.164
220.039
9300.662
220.078
9301.16
220.12
9301.658
220.163
9302.156
220.209
9302.654
220.258
9303.151
220.309
9303.648
220.363
9304.145
220.419
9304.642
220.479
9305.138
220.541
9305.633
220.607
9306.129
220.676
9306.624
220.748
9307.118
220.823
9307.612
220.902
9308.105
220.984
9308.597
221.07
9309.089
221.159
9309.581
221.253
9310.071
221.349
9310.561
221.449
9311.05
221.553
9311.538
221.661
9312.026
221.773
9312.512
221.888
9312.998
222.008
9313.482
222.131
9313.966
222.258
9314.448
222.389
9314.93
222.524
9315.41
222.662
9315.89
222.805
9316.368
222.952
9316.844
223.102
9317.32
223.256
9317.794
223.415
9318.267
223.577
9318.739
223.743
9319.209
223.913
9319.678
224.087
9320.145
224.264
9320.611
224.446
9321.076
224.631
9321.538
224.82
9322
225.013
9322.459
225.21
9322.918
225.41
9323.374
225.614
9323.829
225.822
9324.282
226.033
9324.734
226.248
9325.184
226.466
9325.632
226.687
9326.079
226.911
9326.524
227.139
9326.968
227.37
9327.409
227.604
9327.85
227.84
9328.289
228.08
9328.726
228.323
9329.161
228.569
9329.595
228.818
9330.027
229.069
9330.457
229.323
9330.886
229.581
9331.313
229.841
9331.738
230.104
9332.162
230.37
9332.584
230.638
9333.004
230.91
9333.422
231.184
9333.838
231.461
9334.252
231.741
9334.664
232.024
9335.075
232.31
9335.483
232.598
9335.889
232.89
9336.294
233.184
9336.696
233.481
9337.095
233.781
9337.493
234.084
9337.888
234.391
9338.281
234.7
9338.672
235.012
9339.06
235.327
9339.446
235.645
9339.829
235.967
9340.209
236.291
9340.587
236.619
9340.962
236.95
9341.334
237.283
9341.705
237.619
9342.074
237.956
9342.441
238.296
9342.807
238.636
9343.172
238.978
9343.537
239.32
9343.901
239.662
9344.265
240.005
9344.629
240.348
9344.993
240.691
9345.358
241.033
9345.723
241.374
9346.089
241.715
9346.457
242.054
9346.825
242.391
9347.196
242.728
9347.567
243.062
9347.941
243.394
9348.317
243.724
9348.695
244.052
9349.075
244.377
9349.457
244.698
9349.842
245.017
9350.23
245.333
9350.621
245.645
9351.015
245.953
9351.412
246.257
9351.812
246.557
9352.215
246.852
9352.622
247.143
9353.033
247.428
9353.447
247.709
9353.864
247.984
9354.285
248.253
9354.71
248.516
9355.139
248.773
9355.572
249.024
9356.009
249.267
9356.449
249.504
9356.893
249.734
9357.341
249.956
9357.793
250.17
9358.249
250.376
9358.708
250.573
9359.171
250.762
9359.637
250.942
9360.107
251.113
9360.581
251.274
9361.057
251.426
9361.536
251.568
9362.019
251.7
9362.504
251.821
9362.991
251.932
9363.481
252.032
9363.973
252.121
9364.467
252.199
9364.963
252.266
9365.46
252.321
9365.958
252.365
9366.457
252.398
9366.956
252.418
9367.456
252.427
9367.956
252.424
9368.456
252.409
9368.955
252.382
9369.454
252.344
9369.951
252.293
9370.447
252.231
9370.942
252.157
9371.434
252.072
9371.925
251.975
9372.413
251.866
9372.898
251.746
9373.381
251.615
9373.86
251.473
9374.336
251.32
9374.809
251.157
9375.278
250.983
9375.743
250.799
9376.203
250.604
9376.66
250.4
9377.112
250.186
9377.559
249.963
9378.002
249.731
9378.44
249.489
9378.873
249.239
9379.3
248.981
9379.723
248.714
9380.141
248.439
9380.553
248.156
9380.96
247.866
9381.362
247.568
9381.759
247.263
9382.149
246.952
9382.535
246.633
9382.915
246.309
9383.29
245.978
9383.66
245.641
9384.024
245.298
9384.382
244.95
9384.736
244.596
9385.084
244.237
9385.427
243.873
9385.764
243.505
9386.097
243.131
9386.424
242.753
9386.746
242.37
9387.062
241.983
9387.373
241.591
9387.678
241.195
9387.977
240.794
9388.27
240.389
9388.557
239.98
9388.837
239.566
9389.112
239.148
9389.379
238.726
9389.641
238.299
9389.895
237.869
9390.143
237.435
9390.383
236.996
9390.617
236.554
9390.843
236.108
9391.061
235.658
9391.272
235.205
9391.475
234.748
9391.67
234.287
9391.857
233.824
9392.036
233.357
9392.206
232.887
9392.368
232.414
9392.521
231.938
9392.666
231.459
9392.801
230.978
9392.927
230.494
9393.045
230.008
9393.152
229.52
9393.251
229.029
9-10
-10
10
10
