7.33333,4,4,0.875,1.30769,1.5,4,1.69231,0.666667,4,0.875,1.5,0.153846,7.33333,2.75,0.538462,0.923077,1.30769,0.666667,5.66667,2.75,1.69231,2.33333,2.75,0.923077,0.25,0.153846,2.75,0.923077,1.30769,0.666667,0.153846,2.33333,2.33333,0.153846,1.69231,7.33333,2.33333,0.25,0.923077
2.125,0.875,2.75,0.538462,2.33333,2.75,0.923077,2.75,4,2.125,4,5.66667,2.33333,1.30769,2.125,1.30769,0.666667,4,5.66667,0.666667,1.30769,2.75,2.125,1.30769,2.125,2.33333,1.5,0.153846,4,2.33333,7.33333,0.153846,2.125,0.153846,0.538462,7.33333,2.75,1.69231,5.66667,0.153846
2.125,0.538462,2.75,4,4,2.75,1.69231,1.69231,0.666667,0.25,0.538462,1.69231,5.66667,0.153846,7.33333,0.666667,0.666667,1.69231,0.923077,4,4,2.33333,7.33333,0.153846,0.923077,7.33333,0.875,0.923077,5.66667,1.30769,0.875,2.33333,2.75,4,7.33333,0.153846,0.666667,0.153846,2.125,0.923077
2.75,0.923077,4,0.25,1.69231,0.153846,0.666667,1.5,2.125,0.25,2.33333,0.875,1.69231,0.25,4,0.666667,1.30769,1.30769,2.75,4,1.5,2.33333,0.25,2.125,0.666667,1.69231,1.5,5.66667,0.25,1.5,2.75,1.5,2.125,0.875,0.923077,1.5,4,0.538462,1.69231,1.5
0.538462,0.666667,0.153846,0.25,0.875,4,1.69231,1.69231,0.666667,2.33333,1.5,7.33333,0.153846,7.33333,1.30769,7.33333,7.33333,0.538462,0.153846,0.666667,0.666667,1.69231,0.538462,2.75,0.153846,2.75,5.66667,5.66667,0.923077,0.923077,0.666667,2.75,5.66667,1.30769,1.69231,1.30769,4,0.153846,1.69231,4
0.538462,4,1.30769,1.30769,0.25,0.666667,4,1.30769,0.153846,0.666667,2.33333,5.66667,7.33333,2.75,0.25,1.30769,0.153846,0.153846,1.69231,0.923077,5.66667,2.33333,0.666667,0.538462,0.666667,2.33333,1.5,7.33333,0.153846,0.923077,2.75,1.30769,2.125,1.30769,0.666667,1.30769,7.33333,0.923077,4,1.5
1.30769,0.538462,2.125,4,1.30769,2.125,2.75,4,0.666667,4,1.5,2.33333,1.30769,2.125,1.30769,7.33333,0.875,0.666667,5.66667,5.66667,2.33333,0.666667,2.33333,1.69231,0.25,2.75,7.33333,1.30769,1.30769,7.33333,7.33333,0.923077,2.125,0.538462,1.5,0.666667,1.69231,7.33333,2.33333,0.923077
2.33333,0.153846,0.923077,0.923077,2.33333,2.75,4,1.5,7.33333,0.875,0.923077,0.25,1.5,2.125,1.69231,7.33333,0.923077,2.33333,2.125,4,0.25,0.25,0.666667,2.75,0.875,4,2.125,0.666667,2.33333,1.30769,1.5,4,0.25,1.30769,0.25,0.923077,1.30769,2.125,4,4
2.33333,1.69231,5.66667,5.66667,0.153846,4,0.875,1.5,4,7.33333,0.875,0.923077,0.666667,1.30769,0.666667,0.25,1.30769,1.30769,2.125,1.5,4,0.153846,0.153846,2.125,4,0.538462,2.75,7.33333,1.69231,0.923077,0.538462,1.5,2.33333,0.153846,0.923077,4,5.66667,2.33333,1.69231,2.125
0.923077,2.75,0.538462,0.923077,0.153846,0.666667,0.25,2.75,0.538462,0.538462,0.153846,5.66667,7.33333,0.923077,7.33333,2.75,0.923077,2.75,0.153846,7.33333,2.75,0.666667,0.538462,5.66667,2.75,1.5,5.66667,1.69231,0.875,7.33333,5.66667,0.923077,1.30769,1.69231,0.25,1.30769,0.666667,2.125,0.875,1.5
0.538462,0.25,0.153846,7.33333,2.75,2.75,1.69231,7.33333,2.125,0.875,7.33333,5.66667,0.875,0.666667,0.538462,0.923077,7.33333,2.125,0.923077,1.5,0.538462,1.5,1.5,1.5,0.153846,4,5.66667,1.30769,7.33333,2.125,2.125,0.666667,2.75,0.153846,2.75,0.153846,1.5,0.153846,2.125,0.153846
2.125,5.66667,0.153846,0.666667,2.125,2.125,2.33333,1.69231,0.666667,0.25,7.33333,7.33333,7.33333,2.75,5.66667,1.30769,4,1.69231,1.69231,1.69231,1.5,0.875,2.75,2.33333,0.538462,1.30769,4,1.30769,2.75,7.33333,2.75,2.75,1.30769,1.5,0.25,5.66667,2.75,0.153846,4,1.69231
1.5,1.5,0.153846,0.153846,0.875,2.75,2.33333,0.538462,0.153846,7.33333,1.30769,4,0.153846,4,0.875,0.875,0.538462,1.69231,0.875,1.5,2.75,0.666667,2.33333,1.69231,0.923077,7.33333,0.923077,0.923077,0.153846,2.125,0.153846,0.923077,0.25,1.69231,0.538462,0.875,0.153846,1.5,7.33333,2.33333
0.25,7.33333,5.66667,2.75,2.75,0.153846,0.923077,4,1.30769,2.75,2.125,1.30769,1.69231,0.538462,5.66667,0.153846,2.33333,0.538462,2.125,0.538462,0.666667,0.538462,0.538462,2.125,0.153846,0.538462,2.75,2.33333,1.5,5.66667,1.69231,0.666667,0.923077,1.69231,1.30769,0.25,4,0.923077,2.33333,1.69231
0.153846,1.69231,0.153846,5.66667,1.69231,0.875,2.125,7.33333,0.25,2.75,0.538462,0.666667,0.538462,0.923077,0.538462,2.75,1.30769,4,1.69231,0.875,5.66667,7.33333,1.30769,2.75,0.25,0.538462,4,1.30769,0.25,2.75,0.875,0.666667,2.125,2.33333,2.125,4,2.33333,1.69231,0.666667,0.923077
0.153846,1.5,2.75,0.875,7.33333,0.153846,5.66667,1.30769,0.25,2.33333,0.666667,0.153846,1.30769,1.69231,7.33333,0.538462,0.666667,0.153846,0.25,4,2.75,0.923077,0.875,0.666667,5.66667,4,0.875,1.5,7.33333,0.25,0.923077,0.153846,2.75,0.25,2.125,1.69231,1.69231,1.30769,1.5,2.33333
2.75,0.25,2.75,0.153846,0.875,4,2.33333,2.33333,4,0.875,0.538462,1.30769,0.666667,5.66667,2.125,5.66667,0.923077,0.875,2.33333,0.25,4,1.5,0.25,2.125,0.25,2.125,1.69231,1.69231,5.66667,0.538462,1.30769,0.153846,0.538462,1.30769,1.5,7.33333,1.69231,4,0.875,2.33333
1.5,1.30769,0.538462,2.75,2.33333,0.538462,1.30769,4,0.25,7.33333,1.30769,4,7.33333,1.30769,0.923077,1.69231,0.666667,0.153846,1.30769,7.33333,0.25,2.125,0.923077,1.5,4,0.666667,0.538462,0.153846,1.30769,1.69231,4,0.25,0.875,1.30769,0.923077,1.5,2.33333,1.30769,1.30769,2.125
0.153846,0.875,1.30769,1.5,5.66667,2.33333,1.69231,7.33333,0.25,2.75,1.5,2.33333,1.69231,0.923077,2.33333,2.33333,2.125,0.923077,0.666667,0.153846,0.538462,1.30769,0.153846,1.5,0.923077,0.923077,1.30769,1.69231,2.125,0.25,2.33333,2.125,0.25,0.875,1.69231,0.25,2.33333,2.125,0.875,0.666667
7.33333,0.538462,7.33333,0.153846,2.33333,2.75,0.25,4,7.33333,0.25,1.5,2.125,1.5,7.33333,7.33333,2.125,1.30769,0.153846,0.666667,2.75,0.923077,0.25,0.875,5.66667,0.153846,1.69231,0.153846,2.33333,1.5,2.33333,0.25,7.33333,1.5,0.25,1.69231,5.66667,0.666667,2.75,0.666667,1.5
1.5,1.5,5.66667,2.33333,0.666667,0.875,2.33333,1.69231,1.5,4,5.66667,1.5,0.666667,1.69231,7.33333,0.923077,2.75,0.666667,2.75,2.75,2.75,2.33333,0.923077,2.125,5.66667,0.538462,2.75,0.666667,4,4,2.75,7.33333,4,0.25,0.875,2.125,1.5,0.875,0.875,1.30769
0.538462,0.923077,0.153846,0.153846,2.33333,5.66667,1.5,0.875,2.125,0.875,0.923077,0.538462,0.25,0.666667,0.666667,0.923077,0.153846,0.25,0.666667,2.33333,1.69231,0.153846,0.25,2.33333,0.153846,0.25,0.875,2.75,1.69231,2.125,1.5,0.153846,2.125,1.5,2.75,2.33333,0.666667,1.69231,7.33333,1.30769
2.125,2.125,1.30769,0.153846,2.75,2.33333,7.33333,2.75,0.153846,2.75,0.25,0.25,2.33333,0.923077,1.30769,7.33333,5.66667,2.75,0.875,0.666667,0.875,1.69231,0.153846,0.153846,4,1.5,0.875,0.875,0.153846,0.923077,0.923077,2.33333,5.66667,1.69231,4,1.5,0.538462,1.5,0.25,0.153846
1.30769,0.923077,1.30769,5.66667,2.33333,2.33333,7.33333,2.75,0.666667,1.69231,1.69231,5.66667,7.33333,0.25,7.33333,7.33333,0.538462,0.666667,5.66667,5.66667,0.875,0.25,1.69231,0.875,2.33333,0.25,7.33333,0.25,4,5.66667,0.153846,0.153846,2.33333,2.125,0.666667,0.153846,2.33333,2.125,2.33333,7.33333
0.538462,0.666667,5.66667,2.33333,0.666667,2.33333,1.69231,0.666667,2.75,2.125,0.666667,1.30769,0.538462,0.538462,0.875,0.25,0.875,0.25,2.75,0.666667,0.25,1.69231,0.153846,7.33333,0.875,7.33333,0.25,2.33333,0.25,0.25,0.923077,0.538462,0.25,7.33333,0.875,0.923077,0.666667,1.69231,2.125,1.69231
0.153846,4,5.66667,0.875,0.875,2.33333,5.66667,2.33333,0.875,0.25,1.5,0.25,0.25,2.33333,4,2.125,0.875,2.125,1.30769,1.69231,4,4,2.75,1.69231,7.33333,5.66667,0.875,0.153846,2.33333,1.69231,1.5,7.33333,2.125,2.75,0.25,0.666667,2.125,0.875,0.153846,0.923077
0.666667,1.30769,7.33333,4,0.538462,1.69231,7.33333,5.66667,7.33333,1.69231,1.30769,2.75,2.33333,2.125,0.666667,0.875,0.538462,2.125,0.875,0.25,2.125,1.69231,7.33333,5.66667,0.153846,0.875,2.75,1.69231,0.875,4,4,0.875,0.25,2.33333,0.153846,1.69231,1.5,2.125,4,2.125
0.923077,2.125,0.25,0.875,0.666667,1.30769,1.5,7.33333,0.25,0.538462,0.875,0.666667,0.666667,2.75,2.75,5.66667,0.153846,0.875,1.69231,5.66667,5.66667,0.153846,2.75,2.125,0.153846,1.69231,2.125,2.125,4,1.5,0.25,0.923077,0.153846,0.875,2.75,1.69231,2.33333,7.33333,0.666667,5.66667
1.69231,2.125,1.5,0.25,0.25,0.25,4,2.75,0.666667,2.33333,0.923077,0.875,0.538462,7.33333,2.75,2.125,2.75,4,4,4,1.69231,1.69231,2.75,1.30769,0.666667,0.25,0.875,1.5,4,5.66667,2.125,2.125,1.5,4,7.33333,5.66667,0.538462,2.125,0.538462,0.875
5.66667,2.75,0.666667,2.75,0.923077,1.5,5.66667,2.33333,1.69231,0.538462,1.5,7.33333,0.153846,2.125,2.125,1.30769,7.33333,4,5.66667,1.69231,1.30769,0.538462,0.153846,2.125,2.75,7.33333,7.33333,0.153846,0.923077,0.153846,0.875,1.30769,1.30769,2.125,1.30769,0.153846,2.33333,7.33333,2.33333,5.66667
4,0.25,0.25,0.538462,4,4,5.66667,0.923077,1.30769,0.875,2.75,7.33333,0.666667,0.153846,1.5,2.33333,2.125,7.33333,2.33333,1.69231,0.875,1.5,1.69231,1.5,1.30769,1.5,0.25,5.66667,1.5,4,0.875,2.33333,2.125,0.153846,1.69231,2.75,2.33333,0.25,1.5,0.923077
2.33333,0.25,1.5,1.30769,0.25,7.33333,0.666667,2.125,5.66667,0.923077,5.66667,2.75,1.69231,7.33333,1.30769,4,4,1.5,7.33333,0.666667,0.666667,7.33333,5.66667,0.25,0.538462,2.75,1.30769,7.33333,0.875,0.923077,1.69231,2.75,1.30769,0.875,1.5,0.875,2.33333,7.33333,0.153846,4
2.125,2.75,1.69231,2.33333,1.30769,0.538462,0.923077,4,1.5,5.66667,0.923077,1.5,0.666667,0.25,4,0.923077,2.75,4,1.5,4,0.923077,2.75,2.33333,4,1.30769,0.538462,0.875,1.5,0.25,0.538462,2.125,2.33333,1.69231,2.75,1.69231,1.5,0.153846,7.33333,0.153846,2.75
0.25,4,5.66667,1.30769,4,0.25,2.33333,0.538462,2.125,0.875,0.923077,2.75,0.666667,0.923077,0.538462,0.25,2.125,0.923077,2.125,1.5,7.33333,2.75,2.33333,0.153846,5.66667,5.66667,0.923077,0.923077,4,2.33333,1.5,2.75,0.666667,1.5,2.125,0.153846,0.153846,0.25,0.538462,1.30769
5.66667,1.5,0.538462,0.25,0.25,0.25,4,1.30769,0.153846,0.153846,5.66667,0.923077,0.25,1.30769,7.33333,2.125,1.30769,0.666667,0.25,0.153846,0.153846,0.666667,0.25,0.538462,7.33333,5.66667,2.75,0.923077,2.75,7.33333,1.5,1.5,2.33333,7.33333,7.33333,5.66667,0.538462,0.25,2.125,0.25
0.153846,0.923077,0.153846,1.5,0.666667,4,4,0.875,1.30769,0.875,1.69231,1.5,1.30769,0.153846,2.125,0.153846,2.75,0.875,0.153846,2.33333,2.125,1.5,0.923077,4,2.75,5.66667,0.538462,0.923077,0.538462,2.75,0.25,5.66667,1.30769,4,0.153846,7.33333,2.75,2.75,1.30769,0.538462
4,0.875,0.875,0.538462,1.30769,4,2.125,4,4,0.923077,5.66667,1.30769,5.66667,0.923077,0.666667,2.75,0.153846,2.75,0.538462,1.30769,1.30769,2.75,0.153846,2.75,0.923077,2.33333,0.25,0.875,0.875,0.666667,5.66667,2.33333,2.33333,1.69231,5.66667,0.875,0.538462,0.875,0.153846,0.25
0.875,2.125,1.5,5.66667,2.125,0.666667,5.66667,0.923077,2.33333,1.69231,2.125,5.66667,2.75,0.875,4,7.33333,0.923077,1.30769,0.875,2.75,0.666667,0.875,0.923077,2.75,0.875,2.33333,1.30769,0.25,2.33333,0.25,0.666667,7.33333,0.875,2.75,0.666667,1.5,2.33333,0.538462,1.69231,7.33333
0.538462,0.923077,1.5,0.923077,1.30769,1.30769,1.5,0.875,1.69231,0.875,0.666667,0.875,0.875,0.25,2.33333,0.153846,0.25,2.125,5.66667,0.538462,2.33333,0.538462,2.75,2.75,1.30769,0.875,1.5,0.153846,0.25,0.923077,0.25,5.66667,1.69231,0.153846,2.33333,1.30769,2.75,4,0.923077,1.5
1.30769,0.666667,2.125,0.153846,7.33333,1.30769,0.923077,5.66667,1.30769,2.75,1.30769,1.69231,0.538462,7.33333,7.33333,0.25,0.25,2.125,4,7.33333,0.25,2.125,4,0.538462,1.30769,0.666667,0.875,2.33333,1.69231,2.33333,0.538462,0.538462,7.33333,0.25,0.25,0.25,1.5,5.66667,5.66667,0.875
